   0.0000000000000000        90.000000000000000
   36.000000000000000        26.565051177077990
   108.00000000000000        26.565051177077990
   180.00000000000000        26.565051177077990
  -108.00000000000001        26.565051177077990
  -36.000000000000021        26.565051177077990
   0.0000000000000000       -26.565051177077990
   72.000000000000000       -26.565051177077990
   144.00000000000000       -26.565051177077990
  -144.00000000000003       -26.565051177077990
  -72.000000000000014       -26.565051177077990
   0.0000000000000000       -90.000000000000000
  -8.7908369334099700E-015   31.717474411461005
   36.000000000000000        58.282525588538995
  -36.000000000000021        58.282525588538995
   72.000000000000000        31.717474411461005
   108.00000000000000        58.282525588538995
   144.00000000000000        31.717474411461005
   180.00000000000000        58.282525588538995
  -144.00000000000003        31.717474411461005
  -108.00000000000001        58.282525588538995
  -72.000000000000014        31.717474411461005
  -36.000000000000014       -31.717474411461012
  -18.000000000000011        0.0000000000000000
  -54.000000000000014        0.0000000000000000
   18.000000000000000        0.0000000000000000
   35.999999999999993       -31.717474411461012
   54.000000000000000        0.0000000000000000
   90.000000000000000        0.0000000000000000
   108.00000000000000       -31.717474411461012
   126.00000000000000        0.0000000000000000
   162.00000000000000        0.0000000000000000
   180.00000000000000       -31.717474411461012
  -162.00000000000003        0.0000000000000000
  -126.00000000000003        0.0000000000000000
  -108.00000000000001       -31.717474411461012
  -90.000000000000014        0.0000000000000000
   0.0000000000000000       -58.282525588538988
  -72.000000000000014       -58.282525588538988
   72.000000000000000       -58.282525588538988
   144.00000000000000       -58.282525588538988
  -144.00000000000003       -58.282525588538988
  -18.466996990954289        30.379220513833467
  -13.613822440803260        46.353072891203688
  -36.000000000000021        42.423788382808489
   53.533003009045729        30.379220513833467
   58.386177559196753        46.353072891203688
   36.000000000000007        42.423788382808489
   125.53300300904573        30.379220513833459
   130.38617755919677        46.353072891203688
   108.00000000000000        42.423788382808489
  -162.46699699095427        30.379220513833459
  -157.61382244080326        46.353072891203688
   180.00000000000000        42.423788382808489
  -90.466996990954286        30.379220513833459
  -85.613822440803261        46.353072891203688
  -108.00000000000001        42.423788382808489
  -54.466996990954279       -30.379220513833474
  -45.732301447701978       -16.045057135335782
  -62.494294091901537       -13.441615355429832
   9.5057059080984949       -13.441615355429832
  -3.3442330996830627E-015   0.0000000000000000
  -9.5057059080984967       -13.441615355429832
   17.533003009045725       -30.379220513833459
   26.267698552298040       -16.045057135335753
   81.505705908098491       -13.441615355429832
   72.000000000000000        0.0000000000000000
   62.494294091901509       -13.441615355429832
   89.533003009045714       -30.379220513833459
   98.267698552298043       -16.045057135335753
   153.50570590809849       -13.441615355429832
   144.00000000000000        0.0000000000000000
   134.49429409190151       -13.441615355429832
   161.53300300904573       -30.379220513833474
   170.26769855229804       -16.045057135335753
  -134.49429409190154       -13.441615355429832
  -144.00000000000003        0.0000000000000000
  -153.50570590809852       -13.441615355429832
  -126.46699699095431       -30.379220513833459
  -117.73230144770197       -16.045057135335753
  -72.000000000000014        0.0000000000000000
  -81.505705908098506       -13.441615355429832
   0.0000000000000000       -74.141262794269551
  -36.000000000000007       -63.434948822922024
  -72.000000000000014       -74.141262794269494
   72.000000000000000       -74.141262794269494
   36.000000000000000       -63.434948822922024
   144.00000000000000       -74.141262794269551
   108.00000000000000       -63.434948822922024
  -144.00000000000003       -74.141262794269494
   180.00000000000000       -63.434948822922024
  -108.00000000000001       -63.434948822922024
   13.613822440803247        46.353072891203688
   18.466996990954268        30.379220513833459
  -36.000000000000021        74.141262794269494
  -7.4779325434961589E-015   63.434948822922024
   36.000000000000000        74.141262794269494
   85.613822440803247        46.353072891203688
   90.466996990954286        30.379220513833459
   72.000000000000000        63.434948822922010
   108.00000000000000        74.141262794269494
   157.61382244080323        46.353072891203688
   162.46699699095427        30.379220513833459
   144.00000000000000        63.434948822922010
   180.00000000000000        74.141262794269522
  -130.38617755919677        46.353072891203688
  -125.53300300904574        30.379220513833459
  -144.00000000000000        63.434948822922024
  -108.00000000000001        74.141262794269494
  -58.386177559196774        46.353072891203688
  -53.533003009045743        30.379220513833459
  -72.000000000000014        63.434948822922024
  -26.267698552298054       -16.045057135335782
  -17.533003009045732       -30.379220513833459
  -45.505705908098498        13.441615355429832
  -36.000000000000014        0.0000000000000000
  -26.494294091901519        13.441615355429832
   9.7323014477019516        16.045057135335767
   26.494294091901509        13.441615355429832
  -9.7323014477019623        16.045057135335767
   45.732301447701950       -16.045057135335753
   54.466996990954271       -30.379220513833459
   36.000000000000000        0.0000000000000000
   45.505705908098491        13.441615355429832
   81.732301447701957        16.045057135335767
   98.494294091901509        13.441615355429832
   62.267698552298043        16.045057135335767
   117.73230144770196       -16.045057135335782
   126.46699699095427       -30.379220513833474
   108.00000000000000        0.0000000000000000
   117.50570590809849        13.441615355429832
   153.73230144770193        16.045057135335767
   170.49429409190151        13.441615355429832
   134.26769855229801        16.045057135335767
  -170.26769855229804       -16.045057135335753
  -161.53300300904576       -30.379220513833459
   180.00000000000000        0.0000000000000000
  -170.49429409190154        13.441615355429832
  -134.26769855229807        16.045057135335767
  -117.50570590809849        13.441615355429832
  -153.73230144770199        16.045057135335767
  -98.267698552298057       -16.045057135335753
  -89.533003009045757       -30.379220513833459
  -108.00000000000001        0.0000000000000000
  -98.494294091901509        13.441615355429832
  -62.267698552298064        16.045057135335767
  -81.732301447701957        16.045057135335767
  -22.386177559196760       -46.353072891203709
   0.0000000000000000       -42.423788382808510
  -72.000000000000014       -42.423788382808510
  -49.613822440803254       -46.353072891203709
   49.613822440803240       -46.353072891203709
   72.000000000000000       -42.423788382808510
   22.386177559196746       -46.353072891203681
   121.61382244080325       -46.353072891203709
   144.00000000000000       -42.423788382808510
   94.386177559196739       -46.353072891203709
  -166.38617755919674       -46.353072891203709
  -144.00000000000003       -42.423788382808510
   166.38617755919674       -46.353072891203709
  -94.386177559196781       -46.353072891203709
  -121.61382244080326       -46.353072891203709
  -27.393050089944129        28.755099310425116
  -26.546268926999737        36.721676262152769
  -36.000000000000021        34.494419779943243
   44.606949910055896        28.755099310425116
   45.453731073000277        36.721676262152769
   36.000000000000007        34.494419779943243
   116.60694991005589        28.755099310425116
   117.45373107300028        36.721676262152769
   108.00000000000000        34.494419779943243
  -171.39305008994413        28.755099310425102
  -170.54626892699974        36.721676262152762
   180.00000000000000        34.494419779943243
  -99.393050089944111        28.755099310425116
  -98.546268926999744        36.721676262152769
  -108.00000000000001        34.494419779943243
  -63.393050089944126       -28.755099310425109
  -58.721401875091708       -21.958994986276409
  -67.047669371505350       -20.066743512065429
   4.9523306284946704       -20.066743512065429
  -1.6578296167205289E-015  -13.621822310285822
  -4.9523306284946722       -20.066743512065429
   8.6069499100558904       -28.755099310425109
   13.278598124908310       -21.958994986276394
   76.952330628494664       -20.066743512065429
   72.000000000000000       -13.621822310285822
   67.047669371505336       -20.066743512065429
   80.606949910055889       -28.755099310425109
   85.278598124908299       -21.958994986276409
   148.95233062849468       -20.066743512065429
   144.00000000000000       -13.621822310285822
   139.04766937150532       -20.066743512065429
   152.60694991005590       -28.755099310425109
   157.27859812490831       -21.958994986276409
  -139.04766937150535       -20.066743512065429
  -144.00000000000003       -13.621822310285822
  -148.95233062849468       -20.066743512065429
  -135.39305008994413       -28.755099310425109
  -130.72140187509171       -21.958994986276409
  -72.000000000000014       -13.621822310285822
  -76.952330628494678       -20.066743512065429
   0.0000000000000000       -82.070631397134747
  -36.000000000000007       -77.056771133207860
  -72.000000000000014       -82.070631397134747
   72.000000000000000       -82.070631397134747
   35.999999999999993       -77.056771133207860
   144.00000000000000       -82.070631397134747
   108.00000000000000       -77.056771133207860
  -144.00000000000003       -82.070631397134747
   180.00000000000000       -77.056771133207860
  -108.00000000000001       -77.056771133207860
   26.546268926999726        36.721676262152769
   27.393050089944101        28.755099310425116
  -36.000000000000021        82.070631397134733
  -7.1933101505096082E-015   77.056771133207846
   36.000000000000000        82.070631397134733
   6.0948425521106930        39.231520483592249
  -8.2972592195588844E-015   47.167911497786825
  -6.0948425521107117        39.231520483592249
   98.546268926999730        36.721676262152762
   99.393050089944097        28.755099310425116
   72.000000000000000        77.056771133207846
   108.00000000000000        82.070631397134733
   78.094842552110691        39.231520483592270
   72.000000000000000        47.167911497786825
   65.905157447889309        39.231520483592270
   170.54626892699974        36.721676262152762
   171.39305008994410        28.755099310425116
   144.00000000000000        77.056771133207846
   180.00000000000000        82.070631397134733
   150.09484255211069        39.231520483592249
   144.00000000000000        47.167911497786847
   137.90515744788931        39.231520483592249
  -117.45373107300028        36.721676262152769
  -116.60694991005589        28.755099310425116
  -144.00000000000003        77.056771133207846
  -108.00000000000001        82.070631397134733
  -137.90515744788931        39.231520483592249
  -144.00000000000003        47.167911497786825
  -150.09484255211072        39.231520483592249
  -45.453731073000291        36.721676262152769
  -44.606949910055903        28.755099310425116
  -72.000000000000014        77.056771133207846
  -65.905157447889323        39.231520483592249
  -72.000000000000014        47.167911497786847
  -78.094842552110720        39.231520483592249
  -13.278598124908315       -21.958994986276409
  -8.6069499100558957       -28.755099310425109
  -40.952330628494678        20.066743512065429
  -36.000000000000014        13.621822310285836
  -31.047669371505350        20.066743512065429
  -30.836622969994519       -23.957660014109493
  -36.000000000000014       -16.267037325135178
  -41.163377030005513       -23.957660014109493
   22.721401875091686        21.958994986276409
   31.047669371505329        20.066743512065429
  -22.721401875091701        21.958994986276409
   13.948410701695529        8.0431729931194127
   4.7692536031238388        8.0511584802625578
   8.9999999999999982        0.0000000000000000
   58.721401875091686       -21.958994986276409
   63.393050089944097       -28.755099310425109
   36.000000000000000        13.621822310285836
   40.952330628494671        20.066743512065443
   41.163377030005485       -23.957660014109464
   36.000000000000000       -16.267037325135163
   30.836622969994512       -23.957660014109464
   94.721401875091686        21.958994986276409
   103.04766937150534        20.066743512065429
   49.278598124908306        21.958994986276409
   85.948410701695536        8.0431729931194127
   76.769253603123843        8.0511584802625435
   81.000000000000000        0.0000000000000000
   130.72140187509169       -21.958994986276409
   135.39305008994410       -28.755099310425109
   108.00000000000000        13.621822310285836
   112.95233062849466        20.066743512065429
   113.16337703000548       -23.957660014109493
   108.00000000000000       -16.267037325135163
   102.83662296999449       -23.957660014109464
   166.72140187509169        21.958994986276409
   175.04766937150532        20.066743512065429
   121.27859812490831        21.958994986276409
   157.94841070169551        8.0431729931194127
   148.76925360312384        8.0511584802625435
   153.00000000000000        0.0000000000000000
  -157.27859812490834       -21.958994986276409
  -152.60694991005590       -28.755099310425109
   180.00000000000000        13.621822310285836
  -175.04766937150535        20.066743512065429
  -174.83662296999452       -23.957660014109464
   180.00000000000000       -16.267037325135163
   174.83662296999452       -23.957660014109464
  -121.27859812490831        21.958994986276409
  -112.95233062849469        20.066743512065429
  -166.72140187509171        21.958994986276394
  -130.05158929830449        8.0431729931194127
  -139.23074639687616        8.0511584802625435
  -135.00000000000003        0.0000000000000000
  -85.278598124908328       -21.958994986276409
  -80.606949910055903       -28.755099310425109
  -108.00000000000001        13.621822310285836
  -103.04766937150534        20.066743512065429
  -102.83662296999452       -23.957660014109464
  -108.00000000000001       -16.267037325135163
  -113.16337703000551       -23.957660014109493
  -49.278598124908328        21.958994986276409
  -94.721401875091701        21.958994986276409
  -58.051589298304478        8.0431729931194127
  -67.230746396876171        8.0511584802625435
  -63.000000000000014        0.0000000000000000
  -9.4537310730002773       -36.721676262152755
   0.0000000000000000       -34.494419779943257
  -72.000000000000014       -34.494419779943257
  -62.546268926999737       -36.721676262152798
  -12.726377629578595       -52.838923318411986
  -27.732301447701968       -55.075721661607474
  -16.497973615369705       -62.057135014237133
   62.546268926999730       -36.721676262152798
   72.000000000000000       -34.494419779943257
   9.4537310730002755       -36.721676262152755
   59.273622370421407       -52.838923318411986
   44.267698552298043       -55.075721661607474
   55.502026384630298       -62.057135014237133
   134.54626892699972       -36.721676262152798
   144.00000000000000       -34.494419779943257
   81.453731073000270       -36.721676262152798
   131.27362237042141       -52.838923318411986
   116.26769855229806       -55.075721661607474
   127.50202638463028       -62.057135014237133
  -153.45373107300028       -36.721676262152798
  -144.00000000000003       -34.494419779943257
   153.45373107300026       -36.721676262152798
  -156.72637762957859       -52.838923318411986
  -171.73230144770199       -55.075721661607474
  -160.49797361536972       -62.057135014237105
  -81.453731073000284       -36.721676262152755
  -134.54626892699974       -36.721676262152755
  -84.726377629578607       -52.838923318411986
  -99.732301447701971       -55.075721661607474
  -88.497973615369716       -62.057135014237105
  -16.310094783261309        38.390854704739617
  -9.2989859066767018        31.379522178386509
  -36.000000000000021        50.353156985673742
  -25.187606308543362        44.937924752974752
  -23.273622370421428        52.838923318411965
   55.689905216738701        38.390854704739624
   62.701014093323309        31.379522178386509
   36.000000000000007        50.353156985673742
   46.812393691456663        44.937924752974745
   48.726377629578593        52.838923318411965
   127.68990521673871        38.390854704739624
   134.70101409332332        31.379522178386509
   108.00000000000000        50.353156985673742
   118.81239369145668        44.937924752974745
   120.72637762957858        52.838923318411965
  -160.31009478326129        38.390854704739617
  -153.29898590667673        31.379522178386509
   180.00000000000000        50.353156985673742
  -169.18760630854337        44.937924752974745
  -167.27362237042141        52.838923318411965
  -88.310094783261306        38.390854704739624
  -81.298985906676705        31.379522178386509
  -108.00000000000001        50.353156985673742
  -97.187606308543351        44.937924752974752
  -95.273622370421421        52.838923318411965
  -49.863678799753316       -23.272374811090017
  -45.298985906676705       -31.379522178386523
  -58.188060600804157       -6.7391411461122743
  -54.163774123921655       -14.895438963764093
  -49.948410701695543       -8.0431729931194269
   4.6867004649693476       -6.7437800610259870
   13.811939399195865       -6.7391411461122743
  -13.811939399195870       -6.7391411461122743
  -4.6867004649693520       -6.7437800610259870
  -9.0000000000000053        0.0000000000000000
   22.136321200246694       -23.272374811090017
   26.701014093323309       -31.379522178386523
   17.836225876078373       -14.895438963764093
   22.051589298304467       -8.0431729931194269
   76.686700464969348       -6.7437800610259870
   85.811939399195865       -6.7391411461122743
   58.188060600804135       -6.7391411461122743
   67.313299535030652       -6.7437800610259870
   63.000000000000000        0.0000000000000000
   94.136321200246698       -23.272374811090017
   98.701014093323309       -31.379522178386523
   89.836225876078373       -14.895438963764093
   94.051589298304464       -8.0431729931194269
   148.68670046496936       -6.7437800610259870
   157.81193939919586       -6.7391411461122743
   130.18806060080414       -6.7391411461122743
   139.31329953503064       -6.7437800610259870
   135.00000000000000        0.0000000000000000
   166.13632120024670       -23.272374811090017
   170.70101409332332       -31.379522178386523
   161.83622587607837       -14.895438963764093
   166.05158929830446       -8.0431729931194269
  -139.31329953503067       -6.7437800610259870
  -130.18806060080414       -6.7391411461122743
  -157.81193939919589       -6.7391411461122743
  -148.68670046496936       -6.7437800610259870
  -153.00000000000000        0.0000000000000000
  -121.86367879975332       -23.272374811090017
  -117.29898590667672       -31.379522178386523
  -126.16377412392164       -14.895438963764093
  -121.94841070169555       -8.0431729931194269
  -67.313299535030652       -6.7437800610259870
  -85.811939399195879       -6.7391411461122743
  -76.686700464969363       -6.7437800610259870
  -81.000000000000014        0.0000000000000000
  -22.485442469023042       -69.682844616016212
   0.0000000000000000       -66.211894191404241
  -72.000000000000014       -66.211894191404241
  -49.514557530976980       -69.682844616016183
  -55.502026384630319       -62.057135014237105
   49.514557530976958       -69.682844616016212
   72.000000000000000       -66.211894191404241
   22.485442469023035       -69.682844616016212
   16.497973615369702       -62.057135014237133
   121.51455753097697       -69.682844616016212
   144.00000000000000       -66.211894191404269
   94.485442469023042       -69.682844616016212
   88.497973615369688       -62.057135014237133
  -166.48544246902307       -69.682844616016183
  -144.00000000000000       -66.211894191404241
   166.48544246902304       -69.682844616016212
   160.49797361536969       -62.057135014237133
  -94.485442469023056       -69.682844616016212
  -121.51455753097697       -69.682844616016212
  -127.50202638463031       -62.057135014237105
   23.273622370421410        52.838923318411965
   25.187606308543337        44.937924752974745
   9.2989859066766858        31.379522178386509
   16.310094783261295        38.390854704739617
  -19.502026384630316        62.057135014237119
  -13.514557530976969        69.682844616016169
  -36.000000000000021        66.211894191404255
   36.000000000000000        66.211894191404241
   13.514557530976958        69.682844616016169
   19.502026384630302        62.057135014237119
   8.2676985522980413        55.075721661607460
  -8.2676985522980573        55.075721661607460
   95.273622370421407        52.838923318411965
   97.187606308543337        44.937924752974745
   81.298985906676691        31.379522178386509
   88.310094783261306        38.390854704739624
   52.497973615369688        62.057135014237119
   58.485442469023042        69.682844616016169
   108.00000000000000        66.211894191404241
   85.514557530976958        69.682844616016197
   91.502026384630298        62.057135014237119
   80.267698552298043        55.075721661607460
   63.732301447701964        55.075721661607474
   167.27362237042141        52.838923318411972
   169.18760630854334        44.937924752974745
   153.29898590667668        31.379522178386509
   160.31009478326129        38.390854704739617
   124.49797361536970        62.057135014237119
   130.48544246902301        69.682844616016169
   180.00000000000000        66.211894191404241
   157.51455753097699        69.682844616016169
   163.50202638463031        62.057135014237119
   152.26769855229804        55.075721661607460
   135.73230144770196        55.075721661607460
  -120.72637762957859        52.838923318411965
  -118.81239369145668        44.937924752974745
  -134.70101409332332        31.379522178386509
  -127.68990521673871        38.390854704739617
  -163.50202638463031        62.057135014237119
  -157.51455753097699        69.682844616016197
  -108.00000000000001        66.211894191404241
  -130.48544246902307        69.682844616016197
  -124.49797361536972        62.057135014237119
  -135.73230144770196        55.075721661607460
  -152.26769855229804        55.075721661607460
  -48.726377629578607        52.838923318411965
  -46.812393691456677        44.937924752974745
  -62.701014093323323        31.379522178386509
  -55.689905216738723        38.390854704739624
  -91.502026384630312        62.057135014237119
  -85.514557530976987        69.682844616016197
  -58.485442469023042        69.682844616016197
  -52.497973615369709        62.057135014237119
  -63.732301447701971        55.075721661607460
  -80.267698552298071        55.075721661607460
  -22.051589298304478       -8.0431729931194269
  -17.836225876078377       -14.895438963764093
  -26.701014093323316       -31.379522178386523
  -22.136321200246709       -23.272374811090017
  -45.000000000000021        0.0000000000000000
  -40.686700464969363        6.7437800610259870
  -49.811939399195879        6.7391411461122743
  -22.188060600804146        6.7391411461122743
  -31.313299535030659        6.7437800610259870
  -27.000000000000014        0.0000000000000000
  -31.230746396876174       -8.0511584802625578
  -40.769253603123857       -8.0511584802625435
   5.1633770300054840        23.957660014109479
   13.863678799753298        23.272374811090017
   22.188060600804143        6.7391411461122743
   18.163774123921627        14.895438963764107
  -13.948410701695538        8.0431729931194127
  -18.163774123921637        14.895438963764107
  -13.863678799753314        23.272374811090032
  -5.1633770300054991        23.957660014109479
  -5.8761516082582460E-015   16.267037325135178
  -4.7692536031238477        8.0511584802625435
   49.948410701695529       -8.0431729931194269
   54.163774123921627       -14.895438963764093
   45.298985906676684       -31.379522178386523
   49.863678799753309       -23.272374811090017
   27.000000000000000        0.0000000000000000
   31.313299535030655        6.7437800610259870
   49.811939399195857        6.7391411461122743
   40.686700464969348        6.7437800610259870
   44.999999999999993        0.0000000000000000
   40.769253603123843       -8.0511584802625435
   31.230746396876153       -8.0511584802625435
   77.163377030005492        23.957660014109479
   85.863678799753316        23.272374811090032
   94.188060600804135        6.7391411461122743
   90.163774123921627        14.895438963764107
   58.051589298304471        8.0431729931194127
   53.836225876078380        14.895438963764107
   58.136321200246698        23.272374811090032
   66.836622969994508        23.957660014109479
   72.000000000000000        16.267037325135178
   67.230746396876157        8.0511584802625435
   121.94841070169552       -8.0431729931194269
   126.16377412392161       -14.895438963764093
   117.29898590667668       -31.379522178386523
   121.86367879975330       -23.272374811090017
   99.000000000000014        0.0000000000000000
   103.31329953503065        6.7437800610259870
   121.81193939919586        6.7391411461122743
   112.68670046496935        6.7437800610259870
   117.00000000000000        0.0000000000000000
   112.76925360312383       -8.0511584802625435
   103.23074639687616       -8.0511584802625435
   149.16337703000548        23.957660014109479
   157.86367879975333        23.272374811090032
   166.18806060080416        6.7391411461122743
   162.16377412392163        14.895438963764107
   130.05158929830446        8.0431729931194127
   125.83622587607836        14.895438963764107
   130.13632120024673        23.272374811090032
   138.83662296999452        23.957660014109479
   144.00000000000000        16.267037325135178
   139.23074639687616        8.0511584802625435
  -166.05158929830446       -8.0431729931194269
  -161.83622587607837       -14.895438963764093
  -170.70101409332335       -31.379522178386523
  -166.13632120024673       -23.272374811090017
   171.00000000000000        0.0000000000000000
   175.31329953503067        6.7437800610259870
  -166.18806060080416        6.7391411461122743
  -175.31329953503069        6.7437800610259870
  -171.00000000000003        0.0000000000000000
  -175.23074639687616       -8.0511584802625578
   175.23074639687616       -8.0511584802625435
  -138.83662296999452        23.957660014109479
  -130.13632120024673        23.272374811090032
  -121.81193939919588        6.7391411461122743
  -125.83622587607840        14.895438963764107
  -157.94841070169554        8.0431729931194127
  -162.16377412392163        14.895438963764107
  -157.86367879975333        23.272374811090032
  -149.16337703000551        23.957660014109479
  -144.00000000000000        16.267037325135178
  -148.76925360312384        8.0511584802625435
  -94.051589298304478       -8.0431729931194269
  -89.836225876078387       -14.895438963764093
  -98.701014093323323       -31.379522178386523
  -94.136321200246712       -23.272374811090017
  -117.00000000000001        0.0000000000000000
  -112.68670046496935        6.7437800610259870
  -94.188060600804164        6.7391411461122743
  -103.31329953503067        6.7437800610259870
  -99.000000000000014        0.0000000000000000
  -103.23074639687617       -8.0511584802625435
  -112.76925360312386       -8.0511584802625435
  -66.836622969994522        23.957660014109479
  -58.136321200246726        23.272374811090017
  -53.836225876078387        14.895438963764107
  -85.948410701695536        8.0431729931194127
  -90.163774123921627        14.895438963764107
  -85.863678799753316        23.272374811090032
  -77.163377030005506        23.957660014109479
  -72.000000000000014        16.267037325135178
  -76.769253603123857        8.0511584802625435
  -29.905157447889305       -39.231520483592277
  -19.689905216738715       -38.390854704739638
   0.0000000000000000       -50.353156985673735
  -10.812393691456665       -44.937924752974737
  -59.273622370421435       -52.838923318411986
  -61.187606308543351       -44.937924752974737
  -72.000000000000014       -50.353156985673735
  -52.310094783261313       -38.390854704739638
  -42.094842552110720       -39.231520483592249
  -36.000000000000014       -47.167911497786861
  -44.267698552298064       -55.075721661607474
   42.094842552110698       -39.231520483592249
   52.310094783261292       -38.390854704739610
   72.000000000000000       -50.353156985673735
   61.187606308543344       -44.937924752974737
   12.726377629578586       -52.838923318411986
   10.812393691456659       -44.937924752974737
   19.689905216738701       -38.390854704739610
   29.905157447889291       -39.231520483592249
   36.000000000000000       -47.167911497786832
   27.732301447701946       -55.075721661607474
   114.09484255211072       -39.231520483592277
   124.31009478326131       -38.390854704739638
   144.00000000000000       -50.353156985673735
   133.18760630854334       -44.937924752974737
   84.726377629578579       -52.838923318411986
   82.812393691456649       -44.937924752974737
   91.689905216738694       -38.390854704739638
   101.90515744788931       -39.231520483592277
   108.00000000000000       -47.167911497786861
   99.732301447701943       -55.075721661607474
  -173.90515744788931       -39.231520483592249
  -163.68990521673871       -38.390854704739610
  -144.00000000000003       -50.353156985673735
  -154.81239369145666       -44.937924752974737
   156.72637762957859       -52.838923318411986
   154.81239369145663       -44.937924752974737
   163.68990521673871       -38.390854704739610
   173.90515744788931       -39.231520483592249
   180.00000000000000       -47.167911497786832
   171.73230144770196       -55.075721661607474
  -101.90515744788931       -39.231520483592277
  -91.689905216738723       -38.390854704739638
  -82.812393691456663       -44.937924752974737
  -131.27362237042146       -52.838923318411986
  -133.18760630854337       -44.937924752974737
  -124.31009478326133       -38.390854704739638
  -114.09484255211072       -39.231520483592277
  -108.00000000000001       -47.167911497786861
  -116.26769855229806       -55.075721661607474
